MSE: 33.07881138790035
RMSE: 5.751418206660019
SNR: 55.85247032774039
PSNR: 32.93530465094725
