MSE: 84.15547330960854
RMSE: 9.173629233275593
SNR: 51.797145616416756
PSNR: 28.879979939623613
