MSE: 162.49518330891925
RMSE: 12.74735985641416
SNR: 43.889646947366934
PSNR: 26.022398687429288
