MSE: 55.403558718861206
RMSE: 7.443356683571008
SNR: 53.61259267025904
PSNR: 30.695426993465894
