MSE: 740.3516077441077
RMSE: 27.20940292884259
SNR: 38.448247515806216
PSNR: 19.436423370330537
