MSE: 171.5860101010101
RMSE: 13.099084322997928
SNR: 44.79780899732704
PSNR: 25.785984851851364
