MSE: 341.95416768391925
RMSE: 18.49200280348019
SNR: 40.658372856471416
PSNR: 22.79112459653377
