MSE: 12.648732503255207
RMSE: 3.55650565910631
SNR: 54.9775817869542
PSNR: 37.11033352701654
