MSE: 106.06315104166666
RMSE: 10.298696570035776
SNR: 45.74240661385565
PSNR: 27.875158353917996
