MSE: 70.83993530273438
RMSE: 8.416646321589994
SNR: 47.49527030979412
PSNR: 29.62802204985648
