MSE: 182.6615943060498
RMSE: 13.515235636349438
SNR: 48.43149684611782
PSNR: 25.51433116932467
