MSE: 9.283302491103202
RMSE: 3.04685124203713
SNR: 61.370944266260025
PSNR: 38.45377858946688
