MSE: 20.549570707070707
RMSE: 4.5331634326451
SNR: 54.01460021782354
PSNR: 35.002776072347864
