MSE: 422.07984848484847
RMSE: 20.5445819739621
SNR: 40.8886815744905
PSNR: 21.876857429014827
