MSE: 282.30239057239055
RMSE: 16.801856759667682
SNR: 42.6354821959232
PSNR: 23.62365805044753
